time= 6.937277 s
102 
105 
118 
123 
133 
149 
140 
131 
174 
152 
185 
214 
208 
186 
192 
178 
188 
181 
176 
164 
194 
188 
163 
183 
157 
166 
178 
149 
148 
135 
118 
103 
104 
126 
125 
148 
167 
176 
194 
210 
203 
233 
246 
283 
257 
275 
297 
343 
300 
332 
328 
358 
373 
388 
354 
392 
371 
404 
364 
363 
376 
324 
308 
314 
316 
332 
283 
297 
260 
267 
226 
252 
218 
218 
193 
172 
157 
143 
131 
129 
121 
109 
144 
145 
163 
175 
188 
173 
231 
230 
259 
241 
255 
292 
286 
319 
321 
349 
382 
398 
417 
429 
486 
472 
486 
474 
500 
531 
501 
485 
525 
501 
571 
508 
546 
503 
499 
481 
510 
478 
469 
427 
431 
395 
377 
355 
341 
338 
314 
311 
273 
262 
243 
206 
207 
179 
188 
162 
149 
123 
120 
106 
116 
129 
116 
134 
145 
169 
162 
184 
175 
222 
226 
254 
256 
296 
323 
306 
319 
324 
361 
374 
403 
436 
449 
505 
502 
535 
569 
597 
640 
612 
616 
626 
640 
672 
672 
669 
720 
750 
721 
715 
742 
728 
749 
775 
662 
690 
701 
669 
645 
601 
604 
610 
556 
569 
527 
539 
457 
423 
374 
425 
363 
358 
314 
306 
282 
267 
229 
240 
190 
161 
157 
137 
131 
113 
105 
113 
104 
126 
116 
148 
163 
169 
202 
182 
202 
197 
227 
253 
274 
292 
275 
299 
324 
341 
390 
395 
407 
439 
505 
504 
543 
588 
616 
608 
610 
607 
646 
678 
731 
725 
787 
802 
818 
843 
909 
859 
834 
913 
917 
896 
868 
864 
870 
873 
861 
819 
865 
802 
744 
741 
753 
709 
688 
690 
635 
638 
547 
545 
513 
511 
490 
425 
395 
377 
347 
345 
292 
251 
245 
260 
206 
210 
155 
158 
147 
113 
110 
113 
117 
115 
112 
129 
134 
146 
174 
149 
149 
192 
213 
226 
248 
262 
269 
276 
309 
273 
350 
387 
450 
417 
446 
449 
492 
559 
554 
552 
640 
643 
625 
626 
713 
786 
742 
800 
825 
822 
807 
905 
896 
877 
891 
951 
917 
969 
939 
955 
944 
939 
936 
959 
898 
914 
863 
896 
812 
866 
720 
735 
730 
742 
662 
619 
587 
618 
569 
491 
515 
475 
422 
442 
359 
372 
325 
315 
295 
263 
223 
249 
185 
187 
179 
152 
127 
139 
113 
108 
114 
103 
111 
124 
139 
128 
159 
157 
168 
184 
180 
218 
231 
257 
266 
286 
316 
322 
348 
369 
393 
392 
458 
454 
489 
498 
533 
562 
585 
574 
589 
639 
650 
678 
717 
750 
768 
806 
789 
814 
844 
856 
879 
917 
907 
870 
893 
902 
929 
889 
883 
882 
877 
878 
834 
847 
832 
790 
807 
736 
780 
735 
675 
689 
670 
576 
581 
553 
505 
474 
482 
433 
441 
365 
338 
332 
342 
302 
280 
240 
240 
199 
190 
173 
176 
143 
132 
132 
103 
106 
106 
102 
113 
113 
148 
119 
132 
153 
163 
153 
196 
208 
216 
224 
226 
266 
275 
288 
320 
327 
339 
372 
413 
435 
437 
444 
483 
482 
543 
542 
564 
611 
618 
579 
645 
618 
656 
687 
714 
734 
713 
714 
780 
788 
830 
759 
809 
791 
769 
785 
792 
771 
805 
775 
768 
707 
690 
729 
706 
727 
616 
628 
622 
548 
613 
547 
492 
464 
441 
472 
404 
392 
360 
346 
342 
330 
275 
242 
242 
212 
207 
191 
175 
170 
159 
147 
123 
114 
104 
108 
137 
125 
115 
134 
142 
160 
175 
209 
215 
212 
235 
245 
248 
301 
286 
343 
315 
338 
367 
372 
416 
419 
431 
453 
439 
504 
490 
513 
519 
542 
524 
547 
532 
574 
592 
600 
602 
670 
632 
637 
569 
636 
618 
624 
585 
585 
574 
582 
558 
558 
535 
558 
524 
482 
509 
477 
471 
479 
398 
457 
405 
399 
336 
329 
319 
332 
317 
260 
250 
257 
217 
234 
177 
190 
190 
170 
144 
135 
123 
110 
114 
116 
137 
121 
147 
136 
152 
175 
185 
183 
181 
239 
219 
232 
245 
263 
280 
278 
299 
325 
335 
321 
340 
343 
369 
362 
405 
388 
404 
413 
432 
413 
444 
465 
490 
433 
458 
428 
467 
426 
411 
445 
472 
460 
403 
438 
435 
397 
440 
367 
402 
351 
378 
372 
342 
331 
338 
312 
305 
276 
318 
259 
252 
228 
211 
225 
204 
161 
160 
179 
151 
150 
133 
123 
131 
112 
111 
112 
106 
121 
116 
118 
116 
165 
155 
181 
158 
145 
191 
211 
208 
184 
208 
233 
255 
268 
259 
256 
270 
255 
252 
270 
282 
311 
289 
299 
319 
316 
311 
320 
297 
318 
318 
335 
290 
317 
291 
287 
305 
301 
281 
309 
305 
261 
249 
264 
227 
234 
239 
225 
221 
214 
187 
195 
174 
185 
170 
181 
145 
143 
131 
131 
113 
114 
105 
112 
123 
105 
114 
130 
125 
140 
133 
159 
151 
164 
167 
142 
169 
178 
196 
166 
169 
186 
194 
180 
199 
178 
201 
194 
233 
184 
198 
209 
198 
189 
204 
188 
181 
202 
184 
201 
202 
166 
177 
176 
161 
171 
152 
139 
163 
139 
139 
142 
127 
130 
119 
129 
110 
109 
106 
124 
105 
122 
125 
116 
111 
131 
117 
123 
122 
135 
133 
107 
127 
128 
124 
136 
122 
120 
126 
127 
123 
125 
106 
116 
113 
117 
125 
104 
117 
107 
